RRMSE_t: 0.557774
RRMSE_s: 0.401482
ACC: 0.833422
