RRMSE_t: 0.405575
RRMSE_s: 0.440944
ACC: 0.915635
