RRMSE_t: 0.554787
RRMSE_s: 0.590010
ACC: 0.844710
