RRMSE_t: 0.588381
RRMSE_s: 0.586675
ACC: 0.818527
